500 759
384 369 628
213 214 215
265 271 149
244 245 118
44 47 313
212 215 987
29 3 841
120 121 233
417 418 208
345 346 908
299 302 300
123 121 163
448 451 904
144 145 678
352 430 164
186 196 222
459 460 99
305 314 698
479 485 302
179 182 425
456 464 99
214 210 73
70 68 873
154 155 134
189 184 444
494 492 862
140 143 88
459 461 552
341 346 253
415 418 686
306 295 457
370 371 384
170 173 498
254 257 686
94 92 406
375 377 731
422 420 176
476 474 320
166 167 571
272 270 91
410 406 381
34 32 817
459 457 493
97 98 55
118 122 17
14 15 415
352 353 322
22 23 376
156 157 206
464 465 456
132 133 988
317 318 781
428 426 657
137 135 527
144 141 595
333 334 781
446 447 447
132 137 906
362 360 784
245 243 723
458 459 788
129 130 763
397 398 474
39 52 371
301 299 736
412 413 939
32 33 53
348 349 681
84 85 655
424 438 428
492 490 561
69 70 88
289 296 117
95 91 644
467 468 572
325 453 119
78 79 3
368 380 107
300 301 856
455 459 90
134 112 138
265 266 564
275 273 550
369 367 76
484 478 438
285 288 621
53 54 751
341 317 759
253 237 728
151 155 269
241 239 384
375 376 501
445 440 215
421 422 24
441 443 364
442 437 117
118 119 260
317 315 719
322 323 55
242 244 72
153 183 828
382 383 209
27 30 975
81 50 733
489 491 635
279 280 981
333 338 744
438 442 407
468 471 590
202 203 729
408 434 381
257 236 211
335 329 973
129 127 211
56 57 409
134 137 329
149 144 750
25 26 411
444 445 861
436 437 96
95 99 513
329 330 162
394 395 208
345 340 41
246 242 337
40 43 638
414 415 688
177 166 630
388 22 951
188 189 334
485 475 645
475 476 417
7 11 169
248 238 244
158 156 80
449 450 368
141 167 712
115 116 893
286 290 665
77 86 914
201 202 409
450 448 945
361 365 395
103 109 822
148 146 783
161 163 7
481 482 279
487 491 513
310 303 312
460 456 76
165 178 566
385 350 274
94 394 697
252 243 188
82 83 355
468 466 343
105 106 157
415 423 931
344 345 507
278 281 69
135 136 250
2 5 266
183 179 589
292 295 65
159 161 137
143 144 859
266 267 305
298 300 131
369 372 666
451 452 868
218 219 714
304 305 751
360 361 303
136 137 681
247 248 246
215 226 112
35 36 735
496 301 967
261 265 615
252 250 626
436 438 592
106 107 966
399 397 955
231 233 642
79 80 316
20 21 176
271 272 235
173 174 654
268 72 114
16 22 4
172 177 894
453 454 105
466 467 220
109 99 18
208 209 316
282 296 806
68 69 28
481 479 328
0 3 720
334 341 581
456 457 952
48 44 488
386 387 796
347 348 629
233 234 863
389 390 129
44 45 232
232 229 235
224 225 514
451 454 17
425 433 256
104 102 128
155 153 722
225 226 469
277 278 230
171 169 856
402 400 401
288 286 835
281 282 34
15 13 263
491 499 441
215 207 825
260 261 768
128 129 985
479 484 668
258 259 846
423 408 557
66 64 884
242 247 438
4 0 538
93 94 179
282 276 111
36 37 856
189 190 419
62 63 127
358 359 894
164 171 722
411 405 712
461 462 201
10 11 352
138 134 200
455 453 422
162 160 625
96 97 184
76 78 816
395 391 413
390 386 737
24 25 697
174 172 350
469 470 105
432 426 183
430 431 406
116 112 441
289 290 226
426 430 248
110 111 743
142 140 974
18 19 931
172 173 575
425 427 153
181 183 727
45 46 788
246 211 943
31 33 642
478 483 942
157 152 157
406 429 878
2 182 657
402 407 790
366 364 68
201 205 932
18 7 244
29 27 289
65 66 817
101 107 727
342 343 932
436 451 643
341 342 896
141 142 624
83 81 238
147 148 172
57 58 172
435 446 792
473 476 338
294 296 701
430 424 823
145 139 359
68 72 419
185 186 183
23 15 707
232 242 406
239 256 815
232 233 87
264 262 198
192 194 611
98 96 914
462 457 473
324 314 880
405 409 53
99 100 616
9 10 160
332 330 887
157 158 751
181 141 688
103 104 504
483 479 931
223 221 568
67 73 664
102 103 355
150 158 887
55 53 307
80 78 402
71 72 34
217 215 414
267 265 506
427 428 969
271 262 742
280 277 535
372 373 746
153 154 33
114 115 946
469 472 89
130 131 365
6 4 368
234 232 637
228 229 411
295 293 270
440 441 216
20 13 321
220 218 978
439 440 333
121 124 747
474 477 440
85 83 684
238 239 421
81 82 513
61 66 955
140 148 692
251 252 619
359 357 665
346 344 512
34 42 572
447 441 162
209 207 952
250 251 152
77 75 379
47 48 617
28 29 849
320 321 870
255 256 122
448 449 415
19 20 628
27 28 253
178 60 456
311 309 712
420 421 851
56 133 921
244 246 471
360 363 851
196 203 134
298 304 83
105 116 338
203 204 921
109 110 911
20 29 178
75 76 509
163 159 606
337 334 337
390 388 891
10 13 567
53 34 622
315 316 327
26 24 348
3 1 465
219 220 729
312 313 940
11 12 795
297 283 22
314 315 991
393 394 543
418 422 902
195 197 210
177 150 760
100 119 412
395 393 90
309 310 758
327 328 569
316 325 781
249 250 646
287 297 947
101 99 411
320 324 556
480 481 25
291 289 644
408 411 425
54 55 849
160 161 645
419 415 458
189 192 237
457 458 871
165 166 923
334 335 160
319 320 176
170 171 82
190 188 177
72 73 162
490 491 407
51 49 1
126 127 274
88 92 108
228 263 113
395 396 850
306 307 108
378 379 623
407 415 667
34 37 299
331 332 385
124 120 523
396 386 953
264 186 273
316 317 523
466 449 474
148 149 795
323 321 348
35 31 227
354 355 25
209 213 207
91 94 99
216 217 981
401 402 650
131 125 659
228 231 946
176 169 100
475 480 847
230 228 565
303 306 428
351 352 493
264 260 400
102 105 709
237 239 574
95 96 821
358 360 276
262 263 864
198 206 45
243 244 491
321 322 657
294 295 730
413 422 4
429 425 823
408 409 499
137 138 153
64 65 531
494 495 610
111 109 115
363 364 62
390 462 282
340 341 839
168 174 558
93 171 631
4 5 840
269 271 858
498 486 212
89 90 893
325 326 755
41 42 251
349 351 551
191 192 602
289 273 761
187 185 107
399 401 549
72 74 35
197 198 499
210 219 982
437 435 798
256 254 93
100 101 564
497 498 465
299 300 721
366 356 602
202 446 561
336 337 382
434 395 477
479 480 891
222 223 732
472 468 46
65 59 777
311 326 793
272 268 43
287 284 372
161 162 280
43 39 232
479 498 628
42 46 532
17 18 313
307 308 685
463 464 936
326 327 862
327 325 511
380 375 92
406 408 45
371 368 911
38 41 569
462 470 682
21 17 745
471 469 433
428 429 1000
426 427 849
491 494 184
214 212 426
152 173 829
13 14 327
229 230 163
280 298 342
88 89 701
384 385 373
122 123 254
28 125 915
37 35 328
276 277 589
74 85 231
328 315 778
116 114 124
387 389 336
270 271 53
498 496 834
4 23 307
52 38 342
42 40 806
154 157 777
175 176 782
60 58 22
193 191 458
321 420 551
403 404 470
198 196 981
131 132 812
184 185 628
5 6 476
76 77 188
130 126 857
426 483 129
321 319 508
80 335 142
368 369 659
240 241 945
241 253 85
355 348 694
409 407 369
259 210 362
488 486 175
239 240 72
385 382 619
409 410 886
46 44 815
280 281 552
112 113 406
156 162 373
421 414 957
75 84 903
79 81 492
356 358 667
400 401 445
376 374 261
373 370 944
237 235 178
113 116 322
386 394 223
273 274 422
313 317 671
435 436 542
97 89 149
442 443 928
169 170 194
204 202 581
441 439 682
274 275 736
330 331 175
63 61 316
463 455 674
235 236 714
120 133 945
294 284 101
389 431 783
293 294 192
350 351 669
59 60 422
155 200 247
206 193 407
248 246 209
305 308 866
353 351 859
134 121 105
261 262 808
489 497 948
465 463 992
306 310 211
281 279 910
351 354 492
379 384 832
127 128 749
338 339 302
290 291 60
121 122 717
335 333 367
388 389 173
383 381 838
82 77 488
74 68 447
117 118 694
125 129 580
254 255 640
39 42 990
33 34 53
364 362 799
368 370 532
268 269 815
186 187 383
498 361 908
108 104 426
331 336 587
21 19 510
90 88 914
314 338 954
10 8 892
431 432 474
152 154 462
240 246 239
82 67 893
182 180 492
333 336 461
302 298 890
196 197 542
263 264 794
92 93 859
226 227 477
314 322 988
316 312 639
56 59 980
392 395 154
181 182 325
308 306 699
16 19 264
227 228 654
177 114 197
218 222 959
416 417 647
443 444 251
407 408 190
47 51 403
116 90 644
215 216 761
416 412 477
474 475 895
391 392 844
199 195 812
86 87 608
379 380 332
12 10 344
221 222 478
364 372 64
207 208 345
493 494 160
194 189 402
494 464 85
433 418 797
167 165 605
495 489 541
203 200 267
492 493 238
296 292 601
496 497 677
107 105 243
94 95 655
146 147 989
355 360 52
1 2 332
50 41 845
66 67 72
444 442 165
40 41 114
318 314 895
50 51 134
454 455 804
58 56 354
349 347 653
133 131 587
54 66 851
252 258 251
274 278 54
42 60 853
15 16 370
400 403 153
192 193 763
487 488 664
357 358 261
49 55 192
452 450 429
140 141 40
196 199 500
381 382 627
382 384 939
223 214 156
163 151 947
310 311 699
199 0 691
212 213 296
200 201 47
246 249 374
87 84 768
457 477 235
73 71 797
477 473 227
365 366 608
407 399 781
424 425 114
287 288 708
380 378 509
178 164 499
187 194 38
229 225 708
374 375 277
236 237 609
354 350 762
8 9 924
2 3 658
49 50 998
286 287 754
226 224 58
107 108 215
61 62 989
486 487 120
404 401 78
119 117 359
59 62 769
339 335 621
367 368 242
210 211 379
177 175 904
139 141 807
180 181 292
142 225 934
283 292 363
499 442 981
308 304 197
377 378 391
343 341 46
211 214 116
398 399 742
418 416 817
205 196 79
361 362 14
176 177 678
284 285 736
25 29 516
470 471 511
416 419 898
482 483 100
30 24 778
166 168 210
