10 20
67 392
54 669
44 227
16 406
67 918
30 435
18 942
77 319
100 784
2 687
6 11 10 12 4 4 9 10 6 3 8 11 3 2 6 8 11 9 10 6
966 394 809 805 762 28 680 8 526 891 130 696 994 70 999 72 938 873 107 733
931 593 109 102 261 156 983 803 500 694 237 62 603 850 379 363 372 212 82 550
820 839 521 454 101 950 469 546 798 541 475 814 246 772 362 634 994 603 513 581
103 578 720 42 80 576 397 353 786 898 758 145 166 106 980 132 943 243 886 68
358 669 414 411 907 900 479 727 281 555 559 60 494 335 375 121 153 773 830 212
275 28 923 869 886 405 280 489 877 713 15 278 846 161 73 264 19 820 809 529
489 608 783 812 107 304 608 991 54 202 83 534 26 692 631 384 833 825 458 397
677 460 938 318 699 731 396 106 960 547 152 924 467 964 216 682 114 882 810 996
136 830 619 448 591 93 918 260 287 229 976 342 861 451 866 237 27 307 525 306
61 546 332 167 473 956 583 421 937 677 827 876 386 751 264 86 166 563 914 148
