16 50
582.68000 720.00000
582.68000 700.00000
582.68000 790.00000
582.68000 810.00000
582.68000 420.00000
582.68000 950.00000
582.68000 950.00000
582.68000 650.00000
582.68000 850.00000
582.68000 950.00000
582.68000 10.00000
582.68000 720.00000
582.68000 730.00000
582.68000 710.00000
582.68000 790.00000
582.68000 750.00000
14.60000 8.70000 67.20000 133.70000 3.10000 55.90000 237.00000 108.90000 3.30000 3.20000 549.50000 90.40000 146.60000 14.30000 61.50000 56.40000 22.60000 301.60000 25.30000 19.50000 3.80000 80.70000 55.10000 30.40000 81.40000 33.70000 436.80000 57.70000 48.20000 49.50000 23.10000 32.20000 68.50000 691.20000 132.50000 136.60000 567.10000 321.30000 170.50000 132.80000 168.10000 111.70000 27.50000 50.00000 224.10000 73.30000 22.20000 4.90000 146.40000 22.20000
673.97250 320.48625 491.40000 3237.21125 171.54625 642.15125 8197.23750 3339.14625 202.08375 145.96000 14101.54375 1768.45000 3820.76250 195.37375 1718.15625 2564.08500 703.14250 7845.37000 945.27125 859.70625 158.12750 2317.09875 1208.75625 488.30000 2406.38750 412.40375 28146.30000 1105.67625 858.56250 1248.01875 372.77625 467.30250 1345.16875 37267.26000 974.59375 1205.51250 9760.27125 6077.45125 5447.00625 714.63000 3801.16125 3972.33125 1611.15625 1698.12500 16866.32625 5710.98625 1557.60750 254.24875 3405.63000 709.56750
1035.50500 545.70750 2640.96000 2998.22250 215.21750 2370.16000 2849.92500 2654.43750 248.07750 199.52000 20592.51250 3206.94000 4247.73500 504.43250 3605.43750 3560.25000 1049.20500 9251.58000 1244.12750 1411.31250 203.01500 4870.24500 1987.73250 1285.16000 3968.25000 1214.88500 40677.00000 2211.35250 2244.91500 2545.53750 1111.68750 1334.69000 3510.62500 22918.80000 1807.00000 1818.10500 7360.35500 6356.84250 6517.72500 861.82000 7072.80750 5291.78750 2071.43750 3257.50000 21076.60500 6670.30000 1848.15000 392.85750 3422.10000 1199.91000
765.04000 384.54000 1962.24000 2102.43250 157.79000 1619.70250 4313.40000 637.06500 186.94500 140.24000 10413.02500 1532.28000 1531.97000 408.98000 2539.95000 2515.44000 630.54000 3664.44000 775.44500 1050.07500 132.62000 3607.29000 967.00500 1082.24000 2460.31500 818.06750 32585.28000 1142.46000 1412.26000 2215.12500 822.93750 788.09500 2592.72500 20336.40000 1204.93750 1140.09000 5956.19750 2733.05500 5211.71250 642.88000 3958.75500 3222.54500 1562.00000 2331.25000 16925.15250 5312.41750 1436.89500 302.08500 2444.88000 788.65500
521.95000 239.68500 1387.68000 2968.14000 106.17500 1038.34250 6576.75000 1677.06000 132.49500 86.96000 1263.85000 842.98000 1583.28000 342.84250 1629.75000 1576.38000 254.25000 2744.56000 354.20000 725.40000 69.35000 2616.69750 380.19000 893.00000 1105.00500 561.10500 25323.48000 558.24750 745.89500 1906.98750 582.69750 433.09000 1734.76250 32280.00000 719.87500 530.70000 8333.17000 3098.20000 4037.88750 782.28000 1580.14000 1362.74000 1104.12500 1625.00000 13193.88750 4091.97250 1067.26500 220.50000 3132.96000 419.02500
577.61250 262.84875 914.76000 2127.50125 125.04625 748.36125 5880.56250 1357.16625 152.58375 105.08000 4608.93125 123.17000 1152.64250 228.97875 1582.85625 1842.16500 391.82750 2356.25000 508.21375 787.55625 92.48250 2349.37875 225.22125 679.82000 1364.46750 295.29625 26475.54000 243.06125 660.94250 1559.86875 462.86625 286.17750 1524.98125 26130.66000 759.28125 737.94750 6594.03375 2049.79125 4449.43125 521.11000 1649.48125 2042.71375 1259.84375 1626.87500 14462.85375 4538.18625 1202.40750 236.11875 2190.51000 484.79250
664.11750 322.00875 1497.72000 2007.17125 136.36125 1233.29375 4855.53750 886.17375 164.62875 118.12000 6614.60625 907.39000 518.59750 353.03125 2114.83125 2125.57500 474.31750 2303.47000 600.55875 915.28125 106.35250 3049.45125 584.74875 943.54000 1897.63750 585.11625 29445.78000 743.60875 1079.07750 1989.28125 663.25875 565.51250 2119.21875 22999.50000 980.28125 887.09250 5694.63875 1507.60625 4724.38125 562.11000 2792.56125 2450.41875 1371.90625 1985.62500 15376.06125 4805.73125 1283.43750 268.21375 2080.71000 635.19750
437.45250 183.89625 2184.84000 6429.29875 152.40375 1584.06625 13861.53750 5155.05375 181.70625 113.32000 19830.08125 3278.13000 6265.31750 555.37625 731.08125 1847.80500 685.62750 12633.27000 1027.49625 546.73125 162.87750 1491.94125 1965.00375 1194.34000 2019.73750 1161.38625 21135.66000 1927.90125 1152.58250 2397.65625 647.66625 962.37750 1680.81875 68126.94000 578.09375 1086.56250 18524.78375 9773.16125 4763.15625 1525.61000 4986.26625 4111.95625 1250.21875 933.12500 13476.81375 5258.35875 1420.52250 175.60375 6900.93000 490.34250
384.71000 226.63500 3533.04000 8018.65750 95.55750 2725.12500 15529.42500 5790.75750 121.19250 54.64000 22021.21250 4133.54000 7121.09500 830.83000 2170.95000 813.57000 711.90000 14137.50000 1021.48750 637.16250 161.97500 3381.33000 2384.45250 1814.88000 2468.45500 1711.11750 21075.60000 2546.01250 2044.88500 3408.07500 1188.49500 1461.07500 3284.57500 81055.08000 1069.25000 1020.22500 22200.37250 11457.80750 3435.11250 1976.20000 6265.92750 4085.42750 788.56250 2075.00000 10930.47750 3905.05750 1013.43000 198.32750 8663.22000 642.13500
642.94750 311.78625 1511.16000 2592.10875 131.86625 1244.47375 5317.68750 1098.52875 159.34875 113.48000 5817.83125 925.47000 1156.30750 355.89125 2077.93125 2043.79500 441.54750 1142.31000 563.87375 887.00625 100.84250 3065.59125 626.07375 949.62000 1779.60750 591.85625 28943.46000 755.14875 1088.71750 1999.18125 667.87875 571.95250 2132.91875 25807.86000 960.78125 834.02250 7300.70125 2475.79375 4682.08125 704.79000 2691.70125 2288.45375 1332.03125 1955.62500 15051.11625 4699.44625 1251.24750 261.10875 2721.21000 603.00750
539.65250 258.28125 2367.96000 6920.64625 178.90875 1776.92125 14732.51250 5737.66875 209.92125 140.68000 24157.39375 3759.51000 7049.62750 594.70125 1256.90625 2330.02500 878.85750 14488.11000 1243.81125 672.99375 195.36750 1116.68625 2287.33875 1161.66000 2715.70750 1285.23375 23963.94000 2235.15375 1409.24750 2344.44375 610.12875 1133.84250 1569.50625 72839.82000 855.96875 1399.49250 19873.87625 10951.58375 5365.93125 1630.57000 6196.58625 5066.99125 1485.34375 954.37500 14927.86125 5881.40875 1610.33250 207.33125 7435.29000 680.15250
521.95000 229.68000 982.80000 2309.66750 113.30500 702.94250 5699.85000 1274.13000 139.59000 92.88000 2527.70000 246.34000 1037.19500 243.45750 1462.16250 1627.14000 306.23000 2284.62000 412.39000 731.25000 78.09000 2233.37250 0.00000 710.60000 1054.13000 326.89000 24810.24000 160.11750 591.65500 1609.98750 444.09750 239.89000 1469.32500 26179.08000 635.37500 598.41000 6598.62250 2052.55750 4277.58750 565.80000 1008.60000 1619.65000 1155.00000 1455.00000 13608.47250 4260.56250 1118.32500 217.43750 2389.98000 400.15500
418.29000 177.91500 1930.32000 4870.02250 101.52500 1391.91000 10238.40000 3359.56500 127.54500 76.88000 9753.62500 1977.50000 3848.25000 489.77500 1193.10000 1261.95000 271.20000 7404.28000 563.55750 586.95000 93.19500 2098.20000 1070.31750 1089.84000 527.06500 907.37250 22222.20000 1169.86750 895.31500 2227.50000 684.33750 693.10500 1938.55000 51260.64000 489.12500 415.41000 13729.54000 6351.31000 3925.08750 1193.92000 2256.74250 2063.65750 1007.18750 1308.75000 12487.97250 4055.32250 1056.16500 185.71000 5193.54000 261.40500
739.12500 511.56000 5747.28000 13517.07000 200.57000 4547.46500 25951.50000 10579.63500 194.04000 195.04000 46199.21250 7923.56000 13527.51500 1313.45500 3991.35000 3509.49000 1745.85000 27407.90000 2178.96250 950.62500 306.66000 5602.59750 4694.52000 2822.64000 5925.92000 2947.90750 12405.12000 4965.08500 3708.99000 5049.00000 1872.25500 2670.18500 5312.17500 36157.04000 2133.62500 2694.67500 37875.54250 20907.31750 4096.05000 3264.42000 13313.52000 9195.70250 1319.31250 3208.75000 8997.61500 4592.24500 1494.06000 200.65500 14793.72000 1497.94500
503.88250 218.91375 1118.04000 4052.78125 137.98875 696.65375 9642.93750 3222.07875 166.36125 114.52000 10612.21875 1671.27000 3663.16750 328.36375 1116.99375 1925.35500 503.13250 7521.15000 807.38625 669.58125 129.81750 1738.07625 1014.52875 711.74000 1484.53250 562.36875 23887.50000 902.28375 295.82750 1611.84375 369.31125 390.02250 1095.14375 45143.58000 595.15625 845.91750 11999.58125 5839.55375 4831.89375 941.77000 2313.47625 3140.16625 1305.21875 1248.12500 14249.95875 4917.51375 1317.29250 206.47375 4298.67000 450.38250
1034.95750 539.94375 2295.72000 6051.59625 251.29375 2032.66375 13192.01250 6007.19625 286.97625 231.48000 28841.88125 4195.69000 7756.97250 463.49875 3247.96875 3986.77500 1309.38750 15943.33000 1623.94375 1355.49375 260.06250 4017.85125 2688.19125 772.54000 4459.70250 1317.24875 39251.94000 2654.92125 2057.53750 804.99375 859.60875 1331.06750 2788.80625 64479.30000 1783.03125 2147.04750 17496.90375 11443.97625 7339.93125 1358.33000 8125.53375 6968.68375 2310.34375 2751.87500 22440.81375 7596.62875 2128.70250 378.83125 6487.35000 1261.79250
605.17000 283.83750 1548.96000 5291.17750 182.35750 1095.64000 11838.15000 4652.75250 213.59250 150.08000 18545.62500 2858.90000 5589.12500 420.42000 1437.56250 2495.70000 829.42000 11483.42000 1172.65500 770.73750 184.68000 1597.86000 1772.84250 791.16000 2649.57000 874.51500 26153.40000 1696.38000 991.71500 1741.16250 328.59750 796.14500 734.66250 57587.52000 951.43750 1369.75500 15537.50750 8746.88250 5571.26250 1230.82000 4740.42000 4752.83500 1565.43750 1252.50000 16051.16250 6100.39250 1675.54500 231.89250 5651.04000 744.81000
